13
-6.893220 107.610454 A
-6.892613 107.610428 B
-6.892625 107.608842 C
-6.891049 107.608705 D
-6.891012 107.610386 E
-6.890995 107.611570 F
-6.892568 107.611680 G
-6.889913 107.610374 H
-6.889943 107.609006 I
-6.889898 107.611563 J
-6.888721 107.609086 K
-6.888697 107.610370 L
-6.888690 107.611537 M
0 1 0 0 0 0 0 0 0 0 0 0 0
1 0 1 0 1 0 1 0 0 0 0 0 0
0 1 0 1 0 0 0 0 0 0 0 0 0
0 0 1 0 1 0 0 0 1 0 0 0 0
0 1 0 1 0 1 0 1 0 0 0 0 0
0 0 0 0 1 0 1 0 0 1 0 0 0
0 1 0 0 0 1 0 0 0 0 0 0 0
0 0 0 0 1 0 0 0 1 1 0 1 0
0 0 0 1 0 0 0 1 0 0 1 0 0
0 0 0 0 0 1 0 1 0 0 0 0 1
0 0 0 0 0 0 0 0 1 0 0 1 0
0 0 0 0 0 0 0 1 0 0 1 0 1
0 0 0 0 0 0 0 0 0 1 0 1 0