16
-7.667774 109.653350 SMA Negeri 1 Kebumen
-7.667766 109.652778 Bundaran Alun-Alun
-7.666429 109.652743 SMP Negeri 2 Kebumen
-7.667776 109.655498 SMP Negeri 1 Kebumen
-7.667763 109.650759 Perempatan Alun-Alun
-7.668724 109.650765 Masjid Agung Kebumen
-7.669685 109.650829 Pertigaan Alun-Alun
-7.669717 109.652774 Kantor Pos
-7.668693 109.652774 Kantor Bupati
-7.670967 109.660889 Tugu Lawet
-7.673264 109.662716 Hotel Moetel
-7.675881 109.664863 Pertigaan Ahmad Yani
-7.675897 109.665656 Taman Kota
-7.676139 109.670385 Juiceku Resto
-7.676100 109.671964 Bengkel Pelek
-7.675690 109.671975 Rumah Alam
0 1 0 1 0 0 0 0 0 0 0 0 0 0 0 0
1 0 1 0 1 0 0 0 1 0 0 0 0 0 0 0
0 1 0 0 0 0 0 0 0 0 0 0 0 0 0 0
1 0 0 0 0 0 0 0 0 0 0 0 0 0 0 0
0 1 0 0 0 1 0 0 0 0 0 0 0 0 0 0
0 0 0 0 1 0 1 0 0 0 0 0 0 0 0 0
0 0 0 0 0 1 0 1 0 0 0 0 0 0 0 0
0 1 0 0 0 0 1 0 1 0 0 0 0 0 0 0
0 1 0 0 1 0 0 1 0 0 0 0 0 0 0 0
0 0 0 0 0 0 0 0 0 0 1 0 0 0 0 0
0 0 0 0 0 0 0 0 0 1 0 1 0 0 0 0
0 0 0 0 0 0 0 0 0 0 1 0 1 0 0 0
0 0 0 0 0 0 0 0 0 0 0 1 0 1 0 0
0 0 0 0 0 0 0 0 0 0 0 0 1 0 1 0
0 0 0 0 0 0 0 0 0 0 0 0 0 1 0 1
0 0 0 0 0 0 0 0 0 0 0 0 0 0 1 0